layout_spectrum: 0.3118114
typography_spectrum: 0.1003219
color:
  saturation: 0.647855
  lightness: 0.4664879
  brandStrength: 0.2348919
  rhythmicContrast: 0.8639221
